10

1.000000000000000 0.500000000000000 0.333333333333330 0.250000000000000 0.200000000000000 0.166666666666670 0.142857142857140 0.125000000000000 0.111111111111110  0.100000000000000
2.928968253968250
 0.500000000000000   0.333333333333330  0.250000000000000 0.200000000000000 0.166666666666670 0.142857142857140 0.125000000000000 0.111111111111110 0.100000000000000 0.090909090909090
2.019877344877340
 0.333333333333330 0.250000000000000 0.200000000000000 0.166666666666670 0.142857142857140 0.125000000000000 0.111111111111110 0.100000000000 000 0.090909090909090  0.083333333333330
1.603210678210670
0.250000000000000 0.200000000000000 0.166666666666670 0.142857142857140 0.125000000000000 0.111111111111110 0.100000000000000 0.090909090909090 0.083333333333330  0.076923076923080
1.346800421800420
 0.200000000000000 0.166666666666670 0.142857142857140 0.125000000000000 0.1111111111111 10 0.100000000000000 0.090909090909090 0.083333333333330 0.076923076923080 0.071428571428570
1.168228993228990
 0.166666666666670 0.142857142857140 0.125000000000000 0.111111111111110 0.100000000000000 0.090909090909090 0.083333333333330 0.076923076923080 0.071428571428570 0.066666666666670
1.034895659895660
 0.142857142857140 0.125000000000000 0.111111111111110 0.100000000000000 0.090909090909090 0.083333333333330 0.076923076923080 0. 071428571428570 0.066666666666670 0.062500000000000
0.930728993228990
 0.125000000000000 0.111111111111110 0.100000000000000 0.090909090909090 0.083333333333330 0.076923076923080 0.071428571428570 0.066666666666670 0.062500000000000 0.058823529411770
0.846695379783620
 0.111111111111110 0.100000000000000 0.090909090909090 0.083333333333330 0.076923076923080 0.071428571428570 0.066666666666670 0.062500000000000 0.058823529411770 0.0 55555555555560
0.777250935339180
 0.100000000000000 0.090909090909090 0.083333333333330 0.076923076923080 0.071428571428570 0.066666666666670 0.062500000000000 0.058823529411770 0.055555555555560 0.052631578947370
0.718771403175440